# /dev/cpu_dma_latency set to 0us
policy: fifo: loadavg: 0.41 0.31 0.20 1/197 1058          

T: 0 ( 1050) P:90 I:1000 C: 300000 Min:      6 Act:   16 Avg:   18 Max:     944
T: 1 ( 1051) P:90 I:1000 C: 299978 Min:      7 Act:   18 Avg:   18 Max:      60
T: 2 ( 1052) P:90 I:1000 C: 299951 Min:      6 Act:   18 Avg:   18 Max:      86
T: 3 ( 1053) P:90 I:1000 C: 299924 Min:      8 Act:   17 Avg:   18 Max:    1098
# Histogram
000000 000000	000000	000000	000000
000001 000000	000000	000000	000000
000002 000000	000000	000000	000000
000003 000000	000000	000000	000000
000004 000000	000000	000000	000000
000005 000000	000000	000000	000000
000006 000001	000000	000001	000000
000007 000022	000129	000003	000000
000008 000172	000340	000372	000080
000009 000428	000156	000241	000422
000010 000019	000023	000014	000047
000011 000042	000036	000001	000028
000012 000181	000052	000103	000193
000013 000213	000282	000541	000095
000014 000262	000074	000681	000372
000015 001352	012388	000622	000550
000016 110455	028775	037170	116317
000017 025204	016336	003717	023161
000018 084479	182496	191305	063008
000019 019003	016676	027446	035898
000020 019229	005815	003853	017801
000021 006976	002692	001041	006294
000022 010879	018204	002821	004508
000023 005322	012252	025656	011813
000024 002626	001551	002211	004515
000025 002598	000607	000921	002437
000026 002412	000479	000411	001996
000027 001607	000281	000256	001956
000028 001202	000088	000127	001560
000029 001029	000066	000083	001119
000030 000803	000046	000058	000960
000031 000556	000030	000047	000780
000032 000555	000037	000045	000617
000033 000460	000026	000030	000526
000034 000357	000016	000026	000365
000035 000274	000008	000028	000317
000036 000245	000007	000018	000214
000037 000187	000005	000012	000174
000038 000101	000002	000013	000227
000039 000111	000004	000015	000227
000040 000114	000002	000011	000169
000041 000083	000000	000011	000184
000042 000077	000000	000006	000131
000043 000056	000001	000003	000100
000044 000045	000001	000003	000083
000045 000030	000001	000005	000070
000046 000029	000002	000003	000089
000047 000019	000000	000006	000049
000048 000022	000000	000002	000051
000049 000019	000000	000001	000062
000050 000008	000000	000001	000039
000051 000016	000002	000001	000026
000052 000012	000000	000003	000019
000053 000008	000000	000001	000037
000054 000009	000000	000000	000025
000055 000003	000000	000001	000021
000056 000008	000000	000001	000025
000057 000005	000000	000002	000018
000058 000001	000000	000003	000010
000059 000003	000000	000000	000015
000060 000001	000001	000001	000009
000061 000002	000000	000000	000011
000062 000007	000000	000001	000008
000063 000003	000000	000000	000008
000064 000003	000000	000001	000007
000065 000000	000000	000002	000010
000066 000000	000000	000000	000003
000067 000000	000000	000001	000005
000068 000000	000000	000000	000002
000069 000000	000000	000001	000004
000070 000001	000000	000000	000002
000071 000001	000000	000001	000006
000072 000003	000000	000000	000002
000073 000000	000000	000000	000001
000074 000000	000000	000000	000002
000075 000000	000000	000001	000000
000076 000000	000000	000000	000001
000077 000001	000000	000000	000003
000078 000000	000000	000000	000002
000079 000000	000000	000000	000000
000080 000001	000000	000000	000000
000081 000000	000000	000000	000000
000082 000001	000000	000000	000000
000083 000000	000000	000000	000000
000084 000001	000000	000000	000001
000085 000001	000000	000000	000001
000086 000000	000000	000001	000000
000087 000001	000000	000000	000001
000088 000000	000000	000000	000000
000089 000000	000000	000000	000000
000090 000000	000000	000000	000000
000091 000000	000000	000000	000000
000092 000000	000000	000000	000000
000093 000000	000000	000000	000000
000094 000001	000000	000000	000000
000095 000000	000000	000000	000000
000096 000000	000000	000000	000000
000097 000000	000000	000000	000000
000098 000000	000000	000000	000000
000099 000000	000000	000000	000000
000100 000000	000000	000000	000000
000101 000000	000000	000000	000000
000102 000000	000000	000000	000000
000103 000001	000000	000000	000000
000104 000000	000000	000000	000000
000105 000000	000000	000000	000000
000106 000000	000000	000000	000000
000107 000001	000000	000000	000000
000108 000000	000000	000000	000000
000109 000001	000000	000000	000000
000110 000001	000000	000000	000000
000111 000000	000000	000000	000000
000112 000000	000000	000000	000000
000113 000000	000000	000000	000000
000114 000001	000000	000000	000000
000115 000002	000000	000000	000000
000116 000001	000000	000000	000000
000117 000001	000000	000000	000001
000118 000000	000000	000000	000000
000119 000000	000000	000000	000000
000120 000000	000000	000000	000000
000121 000000	000000	000000	000000
000122 000002	000000	000000	000000
000123 000001	000000	000000	000000
000124 000000	000000	000000	000001
000125 000000	000000	000000	000001
000126 000000	000000	000000	000000
000127 000000	000000	000000	000000
000128 000000	000000	000000	000001
000129 000000	000000	000000	000000
000130 000000	000000	000000	000000
000131 000000	000000	000000	000000
000132 000000	000000	000000	000000
000133 000000	000000	000000	000000
000134 000002	000000	000000	000000
000135 000000	000000	000000	000001
000136 000000	000000	000000	000000
000137 000000	000000	000000	000000
000138 000000	000000	000000	000000
000139 000000	000000	000000	000000
000140 000000	000000	000000	000000
000141 000000	000000	000000	000000
000142 000000	000000	000000	000000
000143 000000	000000	000000	000000
000144 000000	000000	000000	000000
000145 000000	000000	000000	000000
000146 000002	000000	000000	000001
000147 000000	000000	000000	000001
000148 000000	000000	000000	000000
000149 000000	000000	000000	000000
000150 000000	000000	000000	000000
000151 000000	000000	000000	000000
000152 000000	000000	000000	000000
000153 000000	000000	000000	000001
000154 000001	000000	000000	000000
000155 000000	000000	000000	000000
000156 000001	000000	000000	000001
000157 000000	000000	000000	000000
000158 000000	000000	000000	000000
000159 000000	000000	000000	000000
000160 000000	000000	000000	000000
000161 000000	000000	000000	000000
000162 000000	000000	000000	000000
000163 000000	000000	000000	000000
000164 000000	000000	000000	000000
000165 000000	000000	000000	000000
000166 000000	000000	000000	000000
000167 000000	000000	000000	000000
000168 000001	000000	000000	000000
000169 000000	000000	000000	000000
000170 000000	000000	000000	000000
000171 000000	000000	000000	000000
000172 000000	000000	000000	000000
000173 000000	000000	000000	000000
000174 000000	000000	000000	000000
000175 000000	000000	000000	000000
000176 000000	000000	000000	000000
000177 000000	000000	000000	000000
000178 000000	000000	000000	000000
000179 000000	000000	000000	000000
000180 000000	000000	000000	000000
000181 000000	000000	000000	000000
000182 000000	000000	000000	000001
000183 000000	000000	000000	000000
000184 000000	000000	000000	000000
000185 000000	000000	000000	000000
000186 000000	000000	000000	000000
000187 000001	000000	000000	000000
000188 000000	000000	000000	000000
000189 000000	000000	000000	000000
000190 000000	000000	000000	000000
000191 000000	000000	000000	000000
000192 000000	000000	000000	000000
000193 000000	000000	000000	000000
000194 000000	000000	000000	000000
000195 000000	000000	000000	000000
000196 000000	000000	000000	000000
000197 000000	000000	000000	000000
000198 000000	000000	000000	000000
000199 000000	000000	000000	000000
000200 000000	000000	000000	000000
000201 000000	000000	000000	000000
000202 000000	000000	000000	000000
000203 000000	000000	000000	000000
000204 000000	000000	000000	000000
000205 000001	000000	000000	000000
000206 000000	000000	000000	000000
000207 000000	000000	000000	000000
000208 000000	000000	000000	000000
000209 000000	000000	000000	000000
000210 000000	000000	000000	000000
000211 000000	000000	000000	000000
000212 000001	000000	000000	000000
000213 000000	000000	000000	000002
000214 000000	000000	000000	000000
000215 000000	000000	000000	000000
000216 000000	000000	000000	000000
000217 000000	000000	000000	000000
000218 000000	000000	000000	000000
000219 000000	000000	000000	000000
000220 000000	000000	000000	000000
000221 000000	000000	000000	000000
000222 000000	000000	000000	000000
000223 000000	000000	000000	000000
000224 000000	000000	000000	000000
000225 000000	000000	000000	000000
000226 000000	000000	000000	000000
000227 000000	000000	000000	000000
000228 000000	000000	000000	000000
000229 000000	000000	000000	000000
000230 000000	000000	000000	000000
000231 000000	000000	000000	000000
000232 000000	000000	000000	000000
000233 000000	000000	000000	000000
000234 000000	000000	000000	000000
000235 000000	000000	000000	000000
000236 000000	000000	000000	000000
000237 000000	000000	000000	000000
000238 000000	000000	000000	000000
000239 000000	000000	000000	000000
000240 000000	000000	000000	000000
000241 000000	000000	000000	000000
000242 000000	000000	000000	000000
000243 000000	000000	000000	000000
000244 000000	000000	000000	000000
000245 000000	000000	000000	000000
000246 000000	000000	000000	000001
000247 000000	000000	000000	000000
000248 000000	000000	000000	000000
000249 000000	000000	000000	000000
000250 000001	000000	000000	000000
000251 000000	000000	000000	000000
000252 000000	000000	000000	000000
000253 000000	000000	000000	000000
000254 000000	000000	000000	000000
000255 000000	000000	000000	000000
000256 000000	000000	000000	000000
000257 000000	000000	000000	000000
000258 000000	000000	000000	000000
000259 000000	000000	000000	000001
000260 000000	000000	000000	000000
000261 000000	000000	000000	000000
000262 000001	000000	000000	000000
000263 000000	000000	000000	000000
000264 000000	000000	000000	000000
000265 000000	000000	000000	000000
000266 000000	000000	000000	000001
000267 000000	000000	000000	000000
000268 000000	000000	000000	000000
000269 000000	000000	000000	000000
000270 000000	000000	000000	000000
000271 000000	000000	000000	000000
000272 000000	000000	000000	000000
000273 000000	000000	000000	000000
000274 000000	000000	000000	000000
000275 000000	000000	000000	000000
000276 000000	000000	000000	000000
000277 000000	000000	000000	000000
000278 000001	000000	000000	000000
000279 000000	000000	000000	000000
000280 000000	000000	000000	000000
000281 000000	000000	000000	000001
000282 000000	000000	000000	000000
000283 000000	000000	000000	000000
000284 000000	000000	000000	000000
000285 000000	000000	000000	000000
000286 000000	000000	000000	000000
000287 000000	000000	000000	000000
000288 000000	000000	000000	000000
000289 000000	000000	000000	000001
000290 000000	000000	000000	000000
000291 000000	000000	000000	000000
000292 000000	000000	000000	000000
000293 000000	000000	000000	000000
000294 000000	000000	000000	000000
000295 000000	000000	000000	000000
000296 000000	000000	000000	000000
000297 000000	000000	000000	000000
000298 000000	000000	000000	000000
000299 000000	000000	000000	000000
000300 000000	000000	000000	000000
000301 000000	000000	000000	000000
000302 000000	000000	000000	000000
000303 000000	000000	000000	000000
000304 000000	000000	000000	000000
000305 000000	000000	000000	000000
000306 000000	000000	000000	000000
000307 000000	000000	000000	000000
000308 000000	000000	000000	000000
000309 000000	000000	000000	000000
000310 000000	000000	000000	000000
000311 000000	000000	000000	000000
000312 000000	000000	000000	000000
000313 000000	000000	000000	000000
000314 000000	000000	000000	000001
000315 000000	000000	000000	000000
000316 000000	000000	000000	000000
000317 000000	000000	000000	000000
000318 000000	000000	000000	000000
000319 000000	000000	000000	000000
000320 000000	000000	000000	000000
000321 000000	000000	000000	000000
000322 000000	000000	000000	000001
000323 000000	000000	000000	000000
000324 000000	000000	000000	000000
000325 000000	000000	000000	000000
000326 000001	000000	000000	000000
000327 000000	000000	000000	000000
000328 000000	000000	000000	000000
000329 000000	000000	000000	000000
000330 000000	000000	000000	000000
000331 000000	000000	000000	000000
000332 000000	000000	000000	000000
000333 000000	000000	000000	000000
000334 000000	000000	000000	000000
000335 000000	000000	000000	000000
000336 000000	000000	000000	000000
000337 000000	000000	000000	000000
000338 000000	000000	000000	000000
000339 000001	000000	000000	000000
000340 000000	000000	000000	000000
000341 000000	000000	000000	000000
000342 000000	000000	000000	000000
000343 000000	000000	000000	000000
000344 000000	000000	000000	000000
000345 000000	000000	000000	000000
000346 000000	000000	000000	000000
000347 000001	000000	000000	000000
000348 000000	000000	000000	000000
000349 000000	000000	000000	000000
000350 000000	000000	000000	000000
000351 000000	000000	000000	000000
000352 000000	000000	000000	000000
000353 000000	000000	000000	000000
000354 000000	000000	000000	000000
000355 000000	000000	000000	000000
000356 000000	000000	000000	000000
000357 000000	000000	000000	000000
000358 000000	000000	000000	000000
000359 000000	000000	000000	000000
000360 000000	000000	000000	000000
000361 000001	000000	000000	000000
000362 000000	000000	000000	000000
000363 000000	000000	000000	000000
000364 000000	000000	000000	000000
000365 000000	000000	000000	000000
000366 000000	000000	000000	000000
000367 000000	000000	000000	000000
000368 000000	000000	000000	000000
000369 000000	000000	000000	000000
000370 000000	000000	000000	000000
000371 000000	000000	000000	000000
000372 000000	000000	000000	000000
000373 000001	000000	000000	000000
000374 000000	000000	000000	000000
000375 000000	000000	000000	000000
000376 000000	000000	000000	000000
000377 000000	000000	000000	000000
000378 000000	000000	000000	000000
000379 000000	000000	000000	000000
000380 000000	000000	000000	000000
000381 000000	000000	000000	000000
000382 000000	000000	000000	000000
000383 000000	000000	000000	000001
000384 000000	000000	000000	000000
000385 000000	000000	000000	000000
000386 000000	000000	000000	000000
000387 000000	000000	000000	000000
000388 000000	000000	000000	000000
000389 000000	000000	000000	000000
000390 000000	000000	000000	000000
000391 000000	000000	000000	000000
000392 000000	000000	000000	000000
000393 000000	000000	000000	000000
000394 000001	000000	000000	000000
000395 000000	000000	000000	000000
000396 000000	000000	000000	000000
000397 000000	000000	000000	000000
000398 000000	000000	000000	000000
000399 000000	000000	000000	000000
000400 000000	000000	000000	000000
000401 000000	000000	000000	000000
000402 000000	000000	000000	000000
000403 000000	000000	000000	000000
000404 000000	000000	000000	000000
000405 000000	000000	000000	000000
000406 000000	000000	000000	000000
000407 000000	000000	000000	000000
000408 000000	000000	000000	000000
000409 000000	000000	000000	000000
000410 000000	000000	000000	000000
000411 000000	000000	000000	000000
000412 000000	000000	000000	000000
000413 000000	000000	000000	000000
000414 000000	000000	000000	000000
000415 000000	000000	000000	000000
000416 000000	000000	000000	000000
000417 000000	000000	000000	000000
000418 000000	000000	000000	000000
000419 000000	000000	000000	000000
000420 000000	000000	000000	000000
000421 000000	000000	000000	000000
000422 000000	000000	000000	000000
000423 000000	000000	000000	000000
000424 000000	000000	000000	000000
000425 000000	000000	000000	000000
000426 000000	000000	000000	000000
000427 000000	000000	000000	000001
000428 000000	000000	000000	000000
000429 000000	000000	000000	000000
000430 000000	000000	000000	000000
000431 000000	000000	000000	000000
000432 000000	000000	000000	000000
000433 000000	000000	000000	000000
000434 000000	000000	000000	000000
000435 000000	000000	000000	000000
000436 000000	000000	000000	000000
000437 000000	000000	000000	000000
000438 000000	000000	000000	000000
000439 000000	000000	000000	000000
000440 000000	000000	000000	000000
000441 000000	000000	000000	000000
000442 000000	000000	000000	000000
000443 000000	000000	000000	000000
000444 000000	000000	000000	000000
000445 000000	000000	000000	000000
000446 000000	000000	000000	000000
000447 000000	000000	000000	000000
000448 000000	000000	000000	000000
000449 000000	000000	000000	000000
000450 000000	000000	000000	000000
000451 000000	000000	000000	000000
000452 000000	000000	000000	000000
000453 000000	000000	000000	000000
000454 000000	000000	000000	000000
000455 000000	000000	000000	000000
000456 000000	000000	000000	000000
000457 000000	000000	000000	000000
000458 000000	000000	000000	000000
000459 000000	000000	000000	000000
000460 000000	000000	000000	000000
000461 000000	000000	000000	000000
000462 000000	000000	000000	000000
000463 000000	000000	000000	000000
000464 000000	000000	000000	000000
000465 000000	000000	000000	000000
000466 000000	000000	000000	000000
000467 000000	000000	000000	000000
000468 000000	000000	000000	000001
000469 000000	000000	000000	000000
000470 000000	000000	000000	000000
000471 000000	000000	000000	000000
000472 000000	000000	000000	000000
000473 000000	000000	000000	000000
000474 000000	000000	000000	000000
000475 000000	000000	000000	000000
000476 000000	000000	000000	000000
000477 000000	000000	000000	000000
000478 000000	000000	000000	000000
000479 000000	000000	000000	000000
000480 000000	000000	000000	000000
000481 000000	000000	000000	000000
000482 000000	000000	000000	000000
000483 000000	000000	000000	000000
000484 000000	000000	000000	000000
000485 000000	000000	000000	000000
000486 000000	000000	000000	000000
000487 000000	000000	000000	000000
000488 000000	000000	000000	000000
000489 000000	000000	000000	000000
000490 000001	000000	000000	000000
000491 000000	000000	000000	000000
000492 000000	000000	000000	000000
000493 000000	000000	000000	000000
000494 000000	000000	000000	000000
000495 000000	000000	000000	000000
000496 000000	000000	000000	000000
000497 000000	000000	000000	000000
000498 000000	000000	000000	000000
000499 000000	000000	000000	000001
# Total: 000299989 000299989 000299963 000299912
# Min Latencies: 00006 00007 00006 00008
# Avg Latencies: 00018 00018 00018 00018
# Max Latencies: 00944 00060 00086 01098
# Histogram Overflows: 00011 00000 00000 00023
# Histogram Overflow at cycle number:
# Thread 0: 96154 108950 199700 202147 209822 212151 232149 237147 273141 275263 285305
# Thread 1:
# Thread 2:
# Thread 3: 96074 98810 101069 106060 111075 113907 118929 121057 123949 128971 136065 154206 157075 164266 187072 189574 194601 224975 253051 258072 265163 270156 290257


real	5m0.300s
user	0m6.616s
sys	0m25.235s
