# /dev/cpu_dma_latency set to 0us
policy: fifo: loadavg: 1.48 1.02 0.56 2/220 1188          

T: 0 ( 1181) P:90 I:1000 C: 300000 Min:      6 Act:    8 Avg:   18 Max:     520
T: 1 ( 1182) P:90 I:1000 C: 299936 Min:      6 Act:    8 Avg:   18 Max:    1145
T: 2 ( 1183) P:90 I:1000 C: 299865 Min:      7 Act:    8 Avg:   18 Max:    1152
T: 3 ( 1184) P:90 I:1000 C: 299820 Min:      6 Act:    6 Avg:   15 Max:     404
# Histogram
000000 000000	000000	000000	000000
000001 000000	000000	000000	000000
000002 000000	000000	000000	000000
000003 000000	000000	000000	000000
000004 000000	000000	000000	000000
000005 000000	000000	000000	000000
000006 000012	004237	000000	024352
000007 005424	002167	000001	024500
000008 054901	061709	064316	019221
000009 015860	011759	014998	015316
000010 005523	003093	002084	001851
000011 001411	001115	001483	001242
000012 000540	000655	000789	000558
000013 000404	000407	000492	000154
000014 000359	000305	000268	000098
000015 000536	000307	000233	000657
000016 000523	001928	000254	008372
000017 000507	015054	000475	082241
000018 000630	001924	000522	016663
000019 009939	001328	000500	006141
000020 048309	090844	100716	045273
000021 062042	038369	038808	007515
000022 037454	015587	012124	023435
000023 016511	007501	032392	014986
000024 008967	017370	004610	003414
000025 007898	005628	002837	001255
000026 004362	002722	002059	000407
000027 002445	001762	001135	000261
000028 001963	001312	000959	000197
000029 001559	001060	001014	000154
000030 001480	001014	001106	000124
000031 001568	001029	001193	000131
000032 001603	001048	001476	000153
000033 001415	000939	001749	000133
000034 001206	000923	001713	000114
000035 000932	000838	001606	000096
000036 000743	000732	001307	000070
000037 000688	000785	001044	000076
000038 000497	000734	000835	000062
000039 000413	000607	000709	000081
000040 000292	000500	000647	000076
000041 000256	000485	000566	000065
000042 000139	000336	000416	000048
000043 000128	000306	000329	000041
000044 000114	000289	000211	000030
000045 000062	000299	000171	000033
000046 000066	000203	000129	000027
000047 000054	000142	000133	000027
000048 000034	000096	000141	000018
000049 000039	000055	000144	000015
000050 000022	000052	000140	000016
000051 000022	000035	000094	000013
000052 000020	000033	000074	000009
000053 000023	000030	000050	000010
000054 000015	000038	000075	000013
000055 000008	000028	000066	000007
000056 000009	000022	000061	000005
000057 000008	000016	000045	000013
000058 000006	000016	000044	000010
000059 000009	000018	000036	000008
000060 000004	000005	000025	000005
000061 000008	000014	000038	000002
000062 000006	000009	000034	000002
000063 000003	000009	000021	000005
000064 000006	000005	000024	000000
000065 000003	000003	000019	000000
000066 000002	000003	000011	000000
000067 000003	000004	000008	000000
000068 000003	000002	000009	000000
000069 000001	000002	000009	000001
000070 000002	000003	000011	000000
000071 000001	000001	000006	000000
000072 000001	000001	000008	000002
000073 000001	000001	000006	000000
000074 000000	000001	000005	000000
000075 000000	000002	000003	000000
000076 000000	000003	000004	000000
000077 000001	000001	000000	000001
000078 000000	000001	000002	000000
000079 000000	000001	000002	000001
000080 000000	000001	000002	000001
000081 000000	000001	000001	000000
000082 000000	000001	000005	000000
000083 000000	000000	000000	000001
000084 000000	000000	000001	000000
000085 000000	000001	000002	000000
000086 000000	000000	000000	000000
000087 000000	000000	000000	000000
000088 000000	000000	000001	000000
000089 000000	000001	000000	000000
000090 000000	000001	000000	000000
000091 000001	000000	000000	000000
000092 000000	000000	000000	000000
000093 000000	000000	000002	000000
000094 000000	000000	000000	000000
000095 000000	000000	000001	000000
000096 000000	000000	000000	000000
000097 000000	000000	000001	000000
000098 000000	000000	000000	000000
000099 000000	000000	000000	000000
000100 000000	000001	000000	000000
000101 000000	000000	000002	000000
000102 000000	000001	000002	000000
000103 000000	000000	000000	000000
000104 000001	000000	000000	000000
000105 000000	000000	000000	000000
000106 000000	000000	000002	000000
000107 000000	000000	000000	000000
000108 000001	000001	000000	000000
000109 000000	000001	000000	000000
000110 000000	000001	000000	000000
000111 000000	000000	000000	000000
000112 000000	000000	000001	000000
000113 000000	000000	000003	000000
000114 000000	000000	000000	000000
000115 000000	000000	000000	000000
000116 000000	000000	000001	000001
000117 000000	000000	000000	000001
000118 000000	000000	000000	000000
000119 000000	000000	000000	000000
000120 000000	000000	000000	000000
000121 000000	000000	000001	000000
000122 000000	000000	000000	000000
000123 000000	000000	000000	000000
000124 000000	000000	000000	000000
000125 000000	000000	000000	000000
000126 000001	000000	000000	000000
000127 000000	000000	000000	000001
000128 000000	000000	000000	000000
000129 000000	000000	000000	000000
000130 000000	000000	000000	000001
000131 000000	000000	000000	000002
000132 000000	000000	000001	000000
000133 000000	000000	000000	000000
000134 000000	000000	000000	000000
000135 000000	000000	000000	000000
000136 000000	000000	000000	000000
000137 000000	000000	000000	000000
000138 000000	000000	000001	000001
000139 000000	000000	000001	000000
000140 000000	000000	000000	000000
000141 000000	000000	000000	000000
000142 000000	000000	000000	000000
000143 000000	000000	000001	000001
000144 000000	000000	000000	000000
000145 000000	000000	000000	000003
000146 000000	000000	000000	000000
000147 000000	000000	000001	000002
000148 000000	000000	000001	000000
000149 000000	000000	000001	000000
000150 000000	000000	000000	000000
000151 000000	000000	000000	000000
000152 000000	000000	000000	000000
000153 000000	000000	000000	000000
000154 000000	000000	000001	000000
000155 000000	000001	000000	000000
000156 000000	000000	000001	000000
000157 000000	000001	000000	000000
000158 000000	000000	000001	000000
000159 000000	000000	000000	000000
000160 000000	000000	000001	000001
000161 000000	000000	000000	000000
000162 000000	000000	000000	000000
000163 000000	000000	000000	000000
000164 000000	000000	000001	000000
000165 000000	000001	000000	000000
000166 000000	000000	000000	000000
000167 000000	000000	000000	000000
000168 000000	000000	000000	000001
000169 000000	000000	000000	000000
000170 000000	000000	000000	000000
000171 000000	000000	000000	000000
000172 000000	000000	000001	000001
000173 000000	000000	000001	000000
000174 000000	000000	000001	000000
000175 000000	000001	000000	000001
000176 000000	000000	000000	000000
000177 000000	000000	000000	000000
000178 000000	000000	000001	000000
000179 000000	000000	000002	000001
000180 000000	000000	000001	000000
000181 000000	000000	000000	000000
000182 000000	000000	000000	000001
000183 000000	000000	000001	000000
000184 000000	000000	000001	000000
000185 000000	000000	000000	000000
000186 000000	000000	000001	000000
000187 000000	000000	000000	000000
000188 000000	000001	000001	000001
000189 000000	000000	000000	000000
000190 000000	000000	000000	000000
000191 000000	000000	000000	000000
000192 000000	000000	000000	000000
000193 000000	000000	000001	000000
000194 000000	000000	000000	000000
000195 000000	000000	000000	000000
000196 000000	000000	000000	000000
000197 000000	000000	000000	000000
000198 000000	000001	000000	000000
000199 000000	000000	000000	000000
000200 000000	000000	000000	000000
000201 000000	000001	000000	000000
000202 000000	000001	000000	000000
000203 000000	000000	000000	000000
000204 000000	000000	000001	000000
000205 000000	000000	000000	000000
000206 000000	000000	000000	000000
000207 000000	000000	000000	000000
000208 000000	000000	000000	000000
000209 000000	000000	000001	000000
000210 000000	000000	000002	000000
000211 000000	000000	000000	000000
000212 000000	000000	000001	000000
000213 000000	000000	000000	000000
000214 000000	000000	000000	000000
000215 000000	000001	000000	000000
000216 000000	000000	000000	000000
000217 000000	000000	000000	000000
000218 000000	000000	000001	000000
000219 000000	000000	000001	000000
000220 000000	000000	000000	000000
000221 000000	000000	000000	000000
000222 000000	000000	000002	000001
000223 000000	000000	000000	000000
000224 000000	000000	000000	000000
000225 000000	000000	000000	000000
000226 000000	000001	000000	000000
000227 000000	000000	000000	000000
000228 000000	000000	000000	000000
000229 000000	000001	000001	000000
000230 000000	000000	000001	000000
000231 000000	000000	000001	000000
000232 000000	000000	000000	000000
000233 000000	000000	000000	000000
000234 000000	000000	000000	000000
000235 000000	000000	000000	000000
000236 000000	000000	000000	000000
000237 000000	000000	000000	000000
000238 000000	000000	000000	000000
000239 000000	000000	000000	000000
000240 000000	000000	000000	000000
000241 000000	000000	000000	000000
000242 000000	000000	000000	000000
000243 000000	000000	000000	000000
000244 000000	000000	000001	000000
000245 000000	000000	000000	000000
000246 000000	000000	000000	000000
000247 000000	000000	000000	000000
000248 000000	000000	000000	000000
000249 000000	000000	000001	000000
000250 000000	000000	000000	000000
000251 000000	000000	000000	000000
000252 000000	000000	000000	000000
000253 000000	000000	000000	000000
000254 000000	000000	000001	000000
000255 000000	000000	000001	000000
000256 000000	000000	000000	000000
000257 000000	000000	000001	000000
000258 000000	000000	000000	000000
000259 000000	000000	000000	000000
000260 000000	000000	000001	000000
000261 000000	000000	000000	000000
000262 000000	000000	000000	000000
000263 000000	000000	000000	000000
000264 000000	000000	000000	000000
000265 000000	000000	000000	000000
000266 000000	000000	000000	000000
000267 000000	000000	000000	000000
000268 000000	000000	000001	000000
000269 000000	000001	000002	000000
000270 000000	000000	000001	000000
000271 000000	000000	000000	000000
000272 000000	000001	000001	000000
000273 000000	000000	000000	000000
000274 000000	000000	000000	000000
000275 000000	000000	000000	000001
000276 000000	000000	000000	000000
000277 000000	000000	000000	000000
000278 000000	000000	000001	000000
000279 000000	000000	000001	000000
000280 000000	000000	000000	000000
000281 000000	000000	000000	000000
000282 000000	000000	000000	000000
000283 000000	000000	000001	000000
000284 000000	000000	000000	000000
000285 000000	000001	000000	000000
000286 000000	000000	000001	000000
000287 000000	000000	000001	000000
000288 000000	000001	000000	000000
000289 000000	000000	000001	000000
000290 000000	000000	000001	000000
000291 000000	000001	000001	000000
000292 000000	000000	000002	000000
000293 000000	000000	000001	000000
000294 000000	000000	000000	000000
000295 000000	000000	000000	000000
000296 000000	000000	000000	000000
000297 000000	000000	000000	000000
000298 000000	000000	000000	000000
000299 000000	000000	000000	000000
000300 000000	000000	000001	000000
000301 000000	000001	000000	000000
000302 000000	000000	000000	000000
000303 000000	000000	000000	000000
000304 000000	000000	000000	000000
000305 000000	000000	000000	000000
000306 000000	000000	000001	000000
000307 000000	000001	000000	000000
000308 000000	000000	000000	000000
000309 000000	000000	000000	000000
000310 000000	000000	000000	000000
000311 000000	000000	000000	000000
000312 000000	000000	000001	000000
000313 000000	000000	000001	000000
000314 000000	000001	000000	000000
000315 000000	000000	000000	000000
000316 000000	000000	000001	000000
000317 000000	000000	000001	000000
000318 000000	000001	000000	000000
000319 000000	000000	000000	000000
000320 000000	000000	000000	000000
000321 000000	000000	000000	000000
000322 000000	000001	000000	000000
000323 000000	000000	000000	000000
000324 000000	000000	000001	000000
000325 000000	000000	000000	000000
000326 000000	000000	000000	000000
000327 000000	000000	000000	000000
000328 000000	000000	000000	000000
000329 000000	000000	000000	000000
000330 000000	000000	000000	000000
000331 000000	000000	000001	000000
000332 000000	000000	000000	000000
000333 000000	000000	000000	000000
000334 000000	000000	000000	000000
000335 000000	000000	000001	000000
000336 000000	000000	000001	000000
000337 000000	000000	000000	000000
000338 000000	000000	000001	000000
000339 000000	000000	000000	000000
000340 000000	000000	000001	000000
000341 000000	000000	000000	000000
000342 000000	000000	000000	000000
000343 000000	000000	000000	000000
000344 000000	000000	000000	000000
000345 000000	000000	000000	000000
000346 000000	000000	000001	000000
000347 000000	000000	000001	000000
000348 000000	000000	000002	000000
000349 000000	000001	000001	000000
000350 000000	000000	000000	000000
000351 000000	000000	000000	000000
000352 000000	000000	000000	000000
000353 000000	000000	000000	000000
000354 000000	000000	000002	000000
000355 000000	000001	000002	000000
000356 000000	000000	000000	000000
000357 000000	000000	000000	000000
000358 000000	000000	000000	000000
000359 000000	000000	000000	000000
000360 000000	000001	000001	000000
000361 000000	000000	000000	000000
000362 000000	000000	000000	000000
000363 000000	000000	000002	000000
000364 000000	000001	000000	000000
000365 000000	000000	000000	000000
000366 000000	000000	000000	000000
000367 000000	000000	000000	000000
000368 000000	000000	000000	000000
000369 000000	000000	000000	000000
000370 000000	000001	000000	000000
000371 000000	000000	000000	000000
000372 000000	000000	000000	000000
000373 000000	000000	000000	000000
000374 000000	000000	000001	000000
000375 000000	000000	000001	000000
000376 000000	000000	000000	000000
000377 000000	000002	000001	000000
000378 000000	000000	000000	000000
000379 000000	000000	000000	000000
000380 000000	000000	000001	000000
000381 000000	000000	000000	000000
000382 000000	000000	000001	000000
000383 000000	000000	000000	000000
000384 000000	000000	000000	000000
000385 000000	000000	000000	000000
000386 000000	000000	000002	000000
000387 000000	000000	000000	000000
000388 000000	000000	000000	000000
000389 000000	000000	000000	000000
000390 000000	000000	000001	000000
000391 000000	000000	000000	000000
000392 000000	000002	000000	000000
000393 000000	000000	000000	000000
000394 000000	000000	000001	000000
000395 000000	000000	000001	000000
000396 000000	000001	000000	000000
000397 000000	000000	000000	000000
000398 000000	000000	000000	000000
000399 000000	000000	000001	000000
000400 000000	000000	000002	000000
000401 000000	000000	000000	000000
000402 000000	000000	000000	000000
000403 000000	000000	000000	000000
000404 000000	000001	000000	000001
000405 000000	000000	000000	000000
000406 000000	000000	000000	000000
000407 000000	000000	000000	000000
000408 000000	000000	000001	000000
000409 000000	000000	000000	000000
000410 000000	000000	000000	000000
000411 000000	000000	000000	000000
000412 000000	000000	000000	000000
000413 000000	000000	000000	000000
000414 000000	000000	000000	000000
000415 000000	000000	000001	000000
000416 000000	000000	000000	000000
000417 000000	000000	000000	000000
000418 000000	000000	000000	000000
000419 000000	000001	000001	000000
000420 000000	000000	000000	000000
000421 000000	000000	000001	000000
000422 000000	000000	000000	000000
000423 000000	000000	000000	000000
000424 000000	000000	000001	000000
000425 000000	000000	000000	000000
000426 000000	000001	000000	000000
000427 000000	000000	000001	000000
000428 000000	000000	000000	000000
000429 000000	000000	000000	000000
000430 000000	000000	000000	000000
000431 000000	000000	000000	000000
000432 000000	000000	000001	000000
000433 000000	000000	000000	000000
000434 000000	000000	000001	000000
000435 000000	000000	000001	000000
000436 000000	000000	000000	000000
000437 000000	000000	000000	000000
000438 000000	000000	000000	000000
000439 000000	000000	000001	000000
000440 000000	000000	000000	000000
000441 000000	000000	000000	000000
000442 000000	000000	000000	000000
000443 000000	000000	000000	000000
000444 000000	000000	000000	000000
000445 000000	000000	000000	000000
000446 000000	000000	000000	000000
000447 000000	000000	000000	000000
000448 000000	000000	000000	000000
000449 000000	000000	000000	000000
000450 000000	000000	000000	000000
000451 000000	000000	000000	000000
000452 000000	000000	000000	000000
000453 000000	000000	000000	000000
000454 000000	000000	000000	000000
000455 000000	000000	000000	000000
000456 000000	000000	000000	000000
000457 000000	000000	000000	000000
000458 000000	000000	000000	000000
000459 000000	000000	000000	000000
000460 000000	000000	000000	000000
000461 000000	000000	000000	000000
000462 000000	000000	000000	000000
000463 000000	000000	000000	000000
000464 000000	000001	000000	000000
000465 000000	000000	000000	000000
000466 000000	000000	000001	000000
000467 000000	000000	000000	000000
000468 000000	000000	000000	000000
000469 000000	000000	000001	000000
000470 000000	000000	000000	000000
000471 000000	000000	000003	000000
000472 000000	000000	000000	000000
000473 000000	000000	000000	000000
000474 000000	000000	000001	000000
000475 000000	000000	000001	000000
000476 000000	000000	000001	000000
000477 000000	000000	000001	000000
000478 000000	000000	000000	000000
000479 000000	000000	000000	000000
000480 000000	000000	000001	000000
000481 000000	000000	000000	000000
000482 000000	000000	000000	000000
000483 000000	000000	000000	000000
000484 000000	000000	000000	000000
000485 000000	000000	000001	000000
000486 000000	000000	000000	000000
000487 000000	000000	000001	000000
000488 000000	000000	000000	000000
000489 000000	000000	000000	000000
000490 000000	000000	000001	000000
000491 000000	000000	000000	000000
000492 000000	000000	000000	000000
000493 000000	000000	000000	000000
000494 000000	000000	000000	000000
000495 000000	000000	000000	000000
000496 000000	000000	000000	000000
000497 000000	000000	000000	000000
000498 000000	000000	000000	000000
000499 000000	000000	000002	000000
# Total: 000299999 000299908 000299772 000299831
# Min Latencies: 00006 00006 00007 00006
# Avg Latencies: 00018 00018 00018 00015
# Max Latencies: 00520 01145 01152 00404
# Histogram Overflows: 00001 00039 00104 00000
# Histogram Overflow at cycle number:
# Thread 0: 107259
# Thread 1: 02626 04151 04852 05844 07844 08776 11852 12838 13097 13419 15835 18014 18048 20835 20837 41095 41855 42647 44856 44859 47609 52498 54860 54928 62325 64849 69835 70252 71818 72068 75857 76885 79854 80844 81744 87847 88681 88837 89856
# Thread 2: 108694 110262 110804 112805 115780 117784 122536 122787 123776 124070 126805 127132 127796 132799 136788 139544 141807 146796 155788 156311 156783 158786 160806 160937 162459 163995 164789 167798 168345 168605 170140 172791 173146 174746 175799 176772 177929 181794 182759 184772 190788 192781 194795 199785 201930 202318 203771 204799 205375 206753 206781 208794 210012 211598 212788 213784 215778 216169 216391 216770 220765 221145 223784 229785 230783 233776 236119 239158 239791 240401 240694 242783 247782 247784 248363 249765 252786 253781 256057 256790 257593 261771 266769 266809 269907 271445 271791 275787 276016 276778 277551 278342 279780 280615 280772 285788 287944 289789 292766 292962 295766 295768 297555 299091
# Thread 3:


real	5m0.309s
user	0m7.514s
sys	0m24.681s
