00
# /dev/cpu_dma_latency set to 0us
policy: fifo: loadavg: 0.32 0.21 0.11 1/195 2376          

T: 0 ( 2347) P:90 I:1000 C: 300000 Min:      7 Act:   18 Avg:   17 Max:     941
T: 1 ( 2348) P:90 I:1000 C: 299982 Min:      7 Act:   18 Avg:   17 Max:      90
T: 2 ( 2349) P:90 I:1000 C: 299955 Min:      7 Act:   18 Avg:   17 Max:      53
T: 3 ( 2350) P:90 I:1000 C: 299929 Min:      8 Act:   18 Avg:   18 Max:      52
# Histogram
000000 000000	000000	000000	000000
000001 000000	000000	000000	000000
000002 000000	000000	000000	000000
000003 000000	000000	000000	000000
000004 000000	000000	000000	000000
000005 000000	000000	000000	000000
000006 000000	000000	000000	000000
000007 000057	000010	000030	000000
000008 000146	000130	000215	000092
000009 001152	001123	001024	001143
000010 000014	000058	000042	000051
000011 000006	000021	000012	000012
000012 000082	000082	000088	000084
000013 000119	000020	000012	000013
000014 000228	000009	000011	000008
000015 000930	000074	002058	000007
000016 150855	016859	017013	018429
000017 030656	002410	010047	001117
000018 056582	250443	249689	253423
000019 020524	019908	014417	017515
000020 008026	005023	003059	003651
000021 003599	001882	001110	001300
000022 003847	000884	000518	000469
000023 003404	000444	000238	000285
000024 003019	000218	000118	000123
000025 002941	000159	000097	000407
000026 002585	000083	000055	000896
000027 001884	000052	000035	000445
000028 001489	000038	000020	000187
000029 001356	000013	000008	000114
000030 001145	000015	000010	000057
000031 000896	000008	000008	000031
000032 000673	000007	000005	000017
000033 000543	000008	000004	000018
000034 000412	000002	000003	000013
000035 000346	000003	000007	000007
000036 000310	000000	000002	000006
000037 000270	000001	000002	000007
000038 000259	000001	000002	000002
000039 000237	000000	000002	000002
000040 000200	000000	000001	000001
000041 000154	000001	000000	000002
000042 000140	000001	000002	000001
000043 000134	000001	000000	000001
000044 000103	000000	000001	000000
000045 000079	000000	000000	000001
000046 000058	000000	000000	000000
000047 000062	000000	000000	000000
000048 000048	000000	000000	000000
000049 000037	000001	000000	000000
000050 000034	000000	000000	000001
000051 000028	000000	000000	000000
000052 000025	000000	000000	000002
000053 000022	000000	000001	000000
000054 000021	000000	000000	000000
000055 000019	000000	000000	000000
000056 000008	000000	000000	000000
000057 000018	000000	000000	000000
000058 000011	000000	000000	000000
000059 000010	000000	000000	000000
000060 000011	000000	000000	000000
000061 000010	000000	000000	000000
000062 000009	000000	000000	000000
000063 000011	000000	000000	000000
000064 000004	000000	000000	000000
000065 000004	000000	000000	000000
000066 000006	000000	000000	000000
000067 000004	000000	000000	000000
000068 000006	000000	000000	000000
000069 000003	000000	000000	000000
000070 000000	000000	000000	000000
000071 000000	000000	000000	000000
000072 000003	000000	000000	000000
000073 000003	000000	000000	000000
000074 000000	000000	000000	000000
000075 000002	000000	000000	000000
000076 000000	000000	000000	000000
000077 000003	000000	000000	000000
000078 000000	000000	000000	000000
000079 000000	000000	000000	000000
000080 000000	000000	000000	000000
000081 000001	000000	000000	000000
000082 000002	000000	000000	000000
000083 000000	000000	000000	000000
000084 000000	000000	000000	000000
000085 000002	000000	000000	000000
000086 000002	000000	000000	000000
000087 000000	000000	000000	000000
000088 000001	000000	000000	000000
000089 000001	000000	000000	000000
000090 000000	000001	000000	000000
000091 000002	000000	000000	000000
000092 000000	000000	000000	000000
000093 000000	000000	000000	000000
000094 000000	000000	000000	000000
000095 000000	000000	000000	000000
000096 000001	000000	000000	000000
000097 000001	000000	000000	000000
000098 000001	000000	000000	000000
000099 000001	000000	000000	000000
000100 000002	000000	000000	000000
000101 000001	000000	000000	000000
000102 000001	000000	000000	000000
000103 000000	000000	000000	000000
000104 000001	000000	000000	000000
000105 000001	000000	000000	000000
000106 000001	000000	000000	000000
000107 000001	000000	000000	000000
000108 000001	000000	000000	000000
000109 000000	000000	000000	000000
000110 000001	000000	000000	000000
000111 000000	000000	000000	000000
000112 000001	000000	000000	000000
000113 000001	000000	000000	000000
000114 000002	000000	000000	000000
000115 000000	000000	000000	000000
000116 000000	000000	000000	000000
000117 000000	000000	000000	000000
000118 000001	000000	000000	000000
000119 000000	000000	000000	000000
000120 000001	000000	000000	000000
000121 000003	000000	000000	000000
000122 000001	000000	000000	000000
000123 000000	000000	000000	000000
000124 000000	000000	000000	000000
000125 000001	000000	000000	000000
000126 000002	000000	000000	000000
000127 000001	000000	000000	000000
000128 000001	000000	000000	000000
000129 000001	000000	000000	000000
000130 000000	000000	000000	000000
000131 000001	000000	000000	000000
000132 000001	000000	000000	000000
000133 000000	000000	000000	000000
000134 000001	000000	000000	000000
000135 000001	000000	000000	000000
000136 000001	000000	000000	000000
000137 000000	000000	000000	000000
000138 000000	000000	000000	000000
000139 000000	000000	000000	000000
000140 000001	000000	000000	000000
000141 000001	000000	000000	000000
000142 000000	000000	000000	000000
000143 000000	000000	000000	000000
000144 000002	000000	000000	000000
000145 000000	000000	000000	000000
000146 000000	000000	000000	000000
000147 000000	000000	000000	000000
000148 000000	000000	000000	000000
000149 000000	000000	000000	000000
000150 000001	000000	000000	000000
000151 000000	000000	000000	000000
000152 000002	000000	000000	000000
000153 000000	000000	000000	000000
000154 000000	000000	000000	000000
000155 000000	000000	000000	000000
000156 000001	000000	000000	000000
000157 000000	000000	000000	000000
000158 000001	000000	000000	000000
000159 000000	000000	000000	000000
000160 000000	000000	000000	000000
000161 000000	000000	000000	000000
000162 000000	000000	000000	000000
000163 000000	000000	000000	000000
000164 000000	000000	000000	000000
000165 000000	000000	000000	000000
000166 000000	000000	000000	000000
000167 000000	000000	000000	000000
000168 000000	000000	000000	000000
000169 000000	000000	000000	000000
000170 000000	000000	000000	000000
000171 000000	000000	000000	000000
000172 000000	000000	000000	000000
000173 000000	000000	000000	000000
000174 000000	000000	000000	000000
000175 000000	000000	000000	000000
000176 000001	000000	000000	000000
000177 000000	000000	000000	000000
000178 000001	000000	000000	000000
000179 000000	000000	000000	000000
000180 000000	000000	000000	000000
000181 000000	000000	000000	000000
000182 000000	000000	000000	000000
000183 000000	000000	000000	000000
000184 000000	000000	000000	000000
000185 000000	000000	000000	000000
000186 000000	000000	000000	000000
000187 000000	000000	000000	000000
000188 000000	000000	000000	000000
000189 000000	000000	000000	000000
000190 000000	000000	000000	000000
000191 000000	000000	000000	000000
000192 000000	000000	000000	000000
000193 000000	000000	000000	000000
000194 000000	000000	000000	000000
000195 000000	000000	000000	000000
000196 000000	000000	000000	000000
000197 000000	000000	000000	000000
000198 000000	000000	000000	000000
000199 000000	000000	000000	000000
000200 000000	000000	000000	000000
000201 000000	000000	000000	000000
000202 000000	000000	000000	000000
000203 000000	000000	000000	000000
000204 000000	000000	000000	000000
000205 000001	000000	000000	000000
000206 000000	000000	000000	000000
000207 000000	000000	000000	000000
000208 000001	000000	000000	000000
000209 000000	000000	000000	000000
000210 000000	000000	000000	000000
000211 000000	000000	000000	000000
000212 000000	000000	000000	000000
000213 000000	000000	000000	000000
000214 000000	000000	000000	000000
000215 000000	000000	000000	000000
000216 000000	000000	000000	000000
000217 000000	000000	000000	000000
000218 000000	000000	000000	000000
000219 000000	000000	000000	000000
000220 000000	000000	000000	000000
000221 000002	000000	000000	000000
000222 000000	000000	000000	000000
000223 000000	000000	000000	000000
000224 000000	000000	000000	000000
000225 000000	000000	000000	000000
000226 000000	000000	000000	000000
000227 000000	000000	000000	000000
000228 000000	000000	000000	000000
000229 000000	000000	000000	000000
000230 000000	000000	000000	000000
000231 000000	000000	000000	000000
000232 000000	000000	000000	000000
000233 000000	000000	000000	000000
000234 000000	000000	000000	000000
000235 000000	000000	000000	000000
000236 000000	000000	000000	000000
000237 000000	000000	000000	000000
000238 000001	000000	000000	000000
000239 000001	000000	000000	000000
000240 000000	000000	000000	000000
000241 000000	000000	000000	000000
000242 000000	000000	000000	000000
000243 000000	000000	000000	000000
000244 000000	000000	000000	000000
000245 000000	000000	000000	000000
000246 000000	000000	000000	000000
000247 000000	000000	000000	000000
000248 000000	000000	000000	000000
000249 000000	000000	000000	000000
000250 000000	000000	000000	000000
000251 000000	000000	000000	000000
000252 000000	000000	000000	000000
000253 000000	000000	000000	000000
000254 000000	000000	000000	000000
000255 000000	000000	000000	000000
000256 000000	000000	000000	000000
000257 000000	000000	000000	000000
000258 000000	000000	000000	000000
000259 000000	000000	000000	000000
000260 000000	000000	000000	000000
000261 000000	000000	000000	000000
000262 000000	000000	000000	000000
000263 000000	000000	000000	000000
000264 000000	000000	000000	000000
000265 000000	000000	000000	000000
000266 000000	000000	000000	000000
000267 000001	000000	000000	000000
000268 000000	000000	000000	000000
000269 000000	000000	000000	000000
000270 000000	000000	000000	000000
000271 000000	000000	000000	000000
000272 000000	000000	000000	000000
000273 000000	000000	000000	000000
000274 000000	000000	000000	000000
000275 000000	000000	000000	000000
000276 000000	000000	000000	000000
000277 000000	000000	000000	000000
000278 000000	000000	000000	000000
000279 000001	000000	000000	000000
000280 000000	000000	000000	000000
000281 000000	000000	000000	000000
000282 000000	000000	000000	000000
000283 000001	000000	000000	000000
000284 000000	000000	000000	000000
000285 000000	000000	000000	000000
000286 000000	000000	000000	000000
000287 000000	000000	000000	000000
000288 000000	000000	000000	000000
000289 000000	000000	000000	000000
000290 000000	000000	000000	000000
000291 000000	000000	000000	000000
000292 000000	000000	000000	000000
000293 000000	000000	000000	000000
000294 000000	000000	000000	000000
000295 000000	000000	000000	000000
000296 000000	000000	000000	000000
000297 000000	000000	000000	000000
000298 000000	000000	000000	000000
000299 000000	000000	000000	000000
000300 000000	000000	000000	000000
000301 000000	000000	000000	000000
000302 000000	000000	000000	000000
000303 000000	000000	000000	000000
000304 000000	000000	000000	000000
000305 000000	000000	000000	000000
000306 000000	000000	000000	000000
000307 000000	000000	000000	000000
000308 000000	000000	000000	000000
000309 000000	000000	000000	000000
000310 000000	000000	000000	000000
000311 000000	000000	000000	000000
000312 000000	000000	000000	000000
000313 000000	000000	000000	000000
000314 000000	000000	000000	000000
000315 000000	000000	000000	000000
000316 000000	000000	000000	000000
000317 000000	000000	000000	000000
000318 000000	000000	000000	000000
000319 000000	000000	000000	000000
000320 000000	000000	000000	000000
000321 000000	000000	000000	000000
000322 000000	000000	000000	000000
000323 000000	000000	000000	000000
000324 000000	000000	000000	000000
000325 000000	000000	000000	000000
000326 000000	000000	000000	000000
000327 000000	000000	000000	000000
000328 000000	000000	000000	000000
000329 000000	000000	000000	000000
000330 000000	000000	000000	000000
000331 000000	000000	000000	000000
000332 000000	000000	000000	000000
000333 000000	000000	000000	000000
000334 000000	000000	000000	000000
000335 000000	000000	000000	000000
000336 000000	000000	000000	000000
000337 000000	000000	000000	000000
000338 000000	000000	000000	000000
000339 000000	000000	000000	000000
000340 000000	000000	000000	000000
000341 000000	000000	000000	000000
000342 000000	000000	000000	000000
000343 000000	000000	000000	000000
000344 000000	000000	000000	000000
000345 000000	000000	000000	000000
000346 000000	000000	000000	000000
000347 000001	000000	000000	000000
000348 000000	000000	000000	000000
000349 000000	000000	000000	000000
000350 000000	000000	000000	000000
000351 000000	000000	000000	000000
000352 000000	000000	000000	000000
000353 000000	000000	000000	000000
000354 000000	000000	000000	000000
000355 000000	000000	000000	000000
000356 000000	000000	000000	000000
000357 000000	000000	000000	000000
000358 000000	000000	000000	000000
000359 000000	000000	000000	000000
000360 000000	000000	000000	000000
000361 000001	000000	000000	000000
000362 000000	000000	000000	000000
000363 000000	000000	000000	000000
000364 000000	000000	000000	000000
000365 000000	000000	000000	000000
000366 000000	000000	000000	000000
000367 000000	000000	000000	000000
000368 000000	000000	000000	000000
000369 000000	000000	000000	000000
000370 000000	000000	000000	000000
000371 000000	000000	000000	000000
000372 000000	000000	000000	000000
000373 000000	000000	000000	000000
000374 000001	000000	000000	000000
000375 000000	000000	000000	000000
000376 000000	000000	000000	000000
000377 000000	000000	000000	000000
000378 000000	000000	000000	000000
000379 000000	000000	000000	000000
000380 000000	000000	000000	000000
000381 000000	000000	000000	000000
000382 000000	000000	000000	000000
000383 000000	000000	000000	000000
000384 000001	000000	000000	000000
000385 000000	000000	000000	000000
000386 000000	000000	000000	000000
000387 000000	000000	000000	000000
000388 000000	000000	000000	000000
000389 000000	000000	000000	000000
000390 000000	000000	000000	000000
000391 000000	000000	000000	000000
000392 000000	000000	000000	000000
000393 000000	000000	000000	000000
000394 000000	000000	000000	000000
000395 000000	000000	000000	000000
000396 000001	000000	000000	000000
000397 000000	000000	000000	000000
000398 000000	000000	000000	000000
000399 000001	000000	000000	000000
000400 000000	000000	000000	000000
000401 000000	000000	000000	000000
000402 000001	000000	000000	000000
000403 000000	000000	000000	000000
000404 000000	000000	000000	000000
000405 000000	000000	000000	000000
000406 000000	000000	000000	000000
000407 000000	000000	000000	000000
000408 000000	000000	000000	000000
000409 000000	000000	000000	000000
000410 000000	000000	000000	000000
000411 000000	000000	000000	000000
000412 000000	000000	000000	000000
000413 000000	000000	000000	000000
000414 000000	000000	000000	000000
000415 000000	000000	000000	000000
000416 000000	000000	000000	000000
000417 000000	000000	000000	000000
000418 000000	000000	000000	000000
000419 000000	000000	000000	000000
000420 000000	000000	000000	000000
000421 000000	000000	000000	000000
000422 000000	000000	000000	000000
000423 000000	000000	000000	000000
000424 000000	000000	000000	000000
000425 000000	000000	000000	000000
000426 000000	000000	000000	000000
000427 000000	000000	000000	000000
000428 000000	000000	000000	000000
000429 000000	000000	000000	000000
000430 000000	000000	000000	000000
000431 000000	000000	000000	000000
000432 000000	000000	000000	000000
000433 000000	000000	000000	000000
000434 000000	000000	000000	000000
000435 000000	000000	000000	000000
000436 000000	000000	000000	000000
000437 000001	000000	000000	000000
000438 000000	000000	000000	000000
000439 000000	000000	000000	000000
000440 000001	000000	000000	000000
000441 000000	000000	000000	000000
000442 000000	000000	000000	000000
000443 000000	000000	000000	000000
000444 000000	000000	000000	000000
000445 000000	000000	000000	000000
000446 000002	000000	000000	000000
000447 000000	000000	000000	000000
000448 000000	000000	000000	000000
000449 000000	000000	000000	000000
000450 000000	000000	000000	000000
000451 000000	000000	000000	000000
000452 000000	000000	000000	000000
000453 000000	000000	000000	000000
000454 000000	000000	000000	000000
000455 000000	000000	000000	000000
000456 000000	000000	000000	000000
000457 000000	000000	000000	000000
000458 000000	000000	000000	000000
000459 000000	000000	000000	000000
000460 000000	000000	000000	000000
000461 000001	000000	000000	000000
000462 000000	000000	000000	000000
000463 000000	000000	000000	000000
000464 000001	000000	000000	000000
000465 000000	000000	000000	000000
000466 000000	000000	000000	000000
000467 000000	000000	000000	000000
000468 000000	000000	000000	000000
000469 000000	000000	000000	000000
000470 000000	000000	000000	000000
000471 000000	000000	000000	000000
000472 000000	000000	000000	000000
000473 000000	000000	000000	000000
000474 000000	000000	000000	000000
000475 000000	000000	000000	000000
000476 000000	000000	000000	000000
000477 000000	000000	000000	000000
000478 000000	000000	000000	000000
000479 000000	000000	000000	000000
000480 000000	000000	000000	000000
000481 000000	000000	000000	000000
000482 000000	000000	000000	000000
000483 000000	000000	000000	000000
000484 000000	000000	000000	000000
000485 000000	000000	000000	000000
000486 000000	000000	000000	000000
000487 000000	000000	000000	000000
000488 000000	000000	000000	000000
000489 000000	000000	000000	000000
000490 000000	000000	000000	000000
000491 000000	000000	000000	000000
000492 000000	000000	000000	000000
000493 000000	000000	000000	000000
000494 000000	000000	000000	000000
000495 000000	000000	000000	000000
000496 000000	000000	000000	000000
000497 000000	000000	000000	000000
000498 000000	000000	000000	000000
000499 000000	000000	000000	000000
000500 000000	000000	000000	000000
000501 000000	000000	000000	000000
000502 000001	000000	000000	000000
000503 000000	000000	000000	000000
000504 000000	000000	000000	000000
000505 000000	000000	000000	000000
000506 000000	000000	000000	000000
000507 000001	000000	000000	000000
000508 000001	000000	000000	000000
000509 000000	000000	000000	000000
000510 000000	000000	000000	000000
000511 000000	000000	000000	000000
000512 000000	000000	000000	000000
000513 000000	000000	000000	000000
000514 000000	000000	000000	000000
000515 000000	000000	000000	000000
000516 000000	000000	000000	000000
000517 000000	000000	000000	000000
000518 000000	000000	000000	000000
000519 000000	000000	000000	000000
000520 000000	000000	000000	000000
000521 000000	000000	000000	000000
000522 000000	000000	000000	000000
000523 000000	000000	000000	000000
000524 000000	000000	000000	000000
000525 000000	000000	000000	000000
000526 000000	000000	000000	000000
000527 000000	000000	000000	000000
000528 000000	000000	000000	000000
000529 000000	000000	000000	000000
000530 000000	000000	000000	000000
000531 000000	000000	000000	000000
000532 000001	000000	000000	000000
000533 000000	000000	000000	000000
000534 000001	000000	000000	000000
000535 000000	000000	000000	000000
000536 000000	000000	000000	000000
000537 000000	000000	000000	000000
000538 000000	000000	000000	000000
000539 000000	000000	000000	000000
000540 000000	000000	000000	000000
000541 000000	000000	000000	000000
000542 000001	000000	000000	000000
000543 000000	000000	000000	000000
000544 000000	000000	000000	000000
000545 000000	000000	000000	000000
000546 000000	000000	000000	000000
000547 000000	000000	000000	000000
000548 000001	000000	000000	000000
000549 000000	000000	000000	000000
000550 000000	000000	000000	000000
000551 000000	000000	000000	000000
000552 000000	000000	000000	000000
000553 000000	000000	000000	000000
000554 000000	000000	000000	000000
000555 000000	000000	000000	000000
000556 000000	000000	000000	000000
000557 000000	000000	000000	000000
000558 000000	000000	000000	000000
000559 000000	000000	000000	000000
000560 000000	000000	000000	000000
000561 000000	000000	000000	000000
000562 000000	000000	000000	000000
000563 000000	000000	000000	000000
000564 000000	000000	000000	000000
000565 000000	000000	000000	000000
000566 000000	000000	000000	000000
000567 000000	000000	000000	000000
000568 000000	000000	000000	000000
000569 000000	000000	000000	000000
000570 000000	000000	000000	000000
000571 000000	000000	000000	000000
000572 000000	000000	000000	000000
000573 000000	000000	000000	000000
000574 000000	000000	000000	000000
000575 000000	000000	000000	000000
000576 000000	000000	000000	000000
000577 000000	000000	000000	000000
000578 000000	000000	000000	000000
000579 000000	000000	000000	000000
000580 000000	000000	000000	000000
000581 000000	000000	000000	000000
000582 000001	000000	000000	000000
000583 000000	000000	000000	000000
000584 000000	000000	000000	000000
000585 000000	000000	000000	000000
000586 000000	000000	000000	000000
000587 000000	000000	000000	000000
000588 000000	000000	000000	000000
000589 000000	000000	000000	000000
000590 000000	000000	000000	000000
000591 000000	000000	000000	000000
000592 000000	000000	000000	000000
000593 000000	000000	000000	000000
000594 000000	000000	000000	000000
000595 000000	000000	000000	000000
000596 000000	000000	000000	000000
000597 000000	000000	000000	000000
000598 000000	000000	000000	000000
000599 000001	000000	000000	000000
000600 000000	000000	000000	000000
000601 000000	000000	000000	000000
000602 000001	000000	000000	000000
000603 000000	000000	000000	000000
000604 000000	000000	000000	000000
000605 000000	000000	000000	000000
000606 000000	000000	000000	000000
000607 000000	000000	000000	000000
000608 000000	000000	000000	000000
000609 000000	000000	000000	000000
000610 000000	000000	000000	000000
000611 000000	000000	000000	000000
000612 000000	000000	000000	000000
000613 000000	000000	000000	000000
000614 000001	000000	000000	000000
000615 000000	000000	000000	000000
000616 000000	000000	000000	000000
000617 000000	000000	000000	000000
000618 000001	000000	000000	000000
000619 000001	000000	000000	000000
000620 000000	000000	000000	000000
000621 000000	000000	000000	000000
000622 000000	000000	000000	000000
000623 000000	000000	000000	000000
000624 000000	000000	000000	000000
000625 000000	000000	000000	000000
000626 000000	000000	000000	000000
000627 000000	000000	000000	000000
000628 000000	000000	000000	000000
000629 000000	000000	000000	000000
000630 000000	000000	000000	000000
000631 000000	000000	000000	000000
000632 000000	000000	000000	000000
000633 000000	000000	000000	000000
000634 000000	000000	000000	000000
000635 000000	000000	000000	000000
000636 000000	000000	000000	000000
000637 000000	000000	000000	000000
000638 000000	000000	000000	000000
000639 000000	000000	000000	000000
000640 000000	000000	000000	000000
000641 000000	000000	000000	000000
000642 000000	000000	000000	000000
000643 000000	000000	000000	000000
000644 000000	000000	000000	000000
000645 000000	000000	000000	000000
000646 000000	000000	000000	000000
000647 000000	000000	000000	000000
000648 000001	000000	000000	000000
000649 000000	000000	000000	000000
000650 000000	000000	000000	000000
000651 000000	000000	000000	000000
000652 000000	000000	000000	000000
000653 000000	000000	000000	000000
000654 000000	000000	000000	000000
000655 000001	000000	000000	000000
000656 000000	000000	000000	000000
000657 000000	000000	000000	000000
000658 000000	000000	000000	000000
000659 000000	000000	000000	000000
000660 000000	000000	000000	000000
000661 000000	000000	000000	000000
000662 000000	000000	000000	000000
000663 000000	000000	000000	000000
000664 000000	000000	000000	000000
000665 000000	000000	000000	000000
000666 000000	000000	000000	000000
000667 000000	000000	000000	000000
000668 000000	000000	000000	000000
000669 000000	000000	000000	000000
000670 000000	000000	000000	000000
000671 000001	000000	000000	000000
000672 000000	000000	000000	000000
000673 000000	000000	000000	000000
000674 000000	000000	000000	000000
000675 000000	000000	000000	000000
000676 000001	000000	000000	000000
000677 000000	000000	000000	000000
000678 000000	000000	000000	000000
000679 000000	000000	000000	000000
000680 000000	000000	000000	000000
000681 000000	000000	000000	000000
000682 000000	000000	000000	000000
000683 000001	000000	000000	000000
000684 000000	000000	000000	000000
000685 000000	000000	000000	000000
000686 000000	000000	000000	000000
000687 000000	000000	000000	000000
000688 000000	000000	000000	000000
000689 000000	000000	000000	000000
000690 000000	000000	000000	000000
000691 000000	000000	000000	000000
000692 000000	000000	000000	000000
000693 000000	000000	000000	000000
000694 000000	000000	000000	000000
000695 000000	000000	000000	000000
000696 000000	000000	000000	000000
000697 000000	000000	000000	000000
000698 000001	000000	000000	000000
000699 000000	000000	000000	000000
# Total: 000299980 000299993 000299966 000299940
# Min Latencies: 00007 00007 00007 00008
# Avg Latencies: 00017 00017 00017 00018
# Max Latencies: 00941 00090 00053 00052
# Histogram Overflows: 00020 00000 00000 00000
# Histogram Overflow at cycle number:
# Thread 0: 54560 64654 87707 136709 143960 146692 151682 159027 161694 171706 179113 181685 184135 219294 224284 246703 269492 281692 291707 296683
# Thread 1:
# Thread 2:
# Thread 3:
